Plateau params set to: 0.000000 and 0
Calculate wave, channel: 0
Calculate wave request:
MaxVolt: 23.000000
Amplitude: 22.000000
AdjustA: 5.000000
AdjustB: 10.000000
AdjustP 66.000000
634, 603, 573, 543, 512, 482, 452, 421, 391, 361, 
330, 300, 270, 239, 209, 179, 148, 118, 88, 57, 
27, 27, 27, 27, 27, 27, 27, 27, 27, 27, 
27, 27, 27, 27, 27, 27, 27, 27, 27, 57, 
88, 118, 148, 179, 209, 239, 270, 300, 330, 361, 
391, 421, 452, 482, 512, 543, 573, 603, 634, 

634, 
605, 576, 547, 518, 490, 461, 432, 403, 374, 346, 
317, 288, 259, 230, 201, 173, 144, 115, 86, 57, 
57, 57, 57, 57, 57, 57, 57, 57, 57, 57, 
57, 57, 57, 57, 57, 57, 57, 57, 86, 115, 
144, 173, 201, 230, 259, 288, 317, 346, 374, 403, 
432, 461, 490, 518, 547, 576, 605, 634, 

634, 606, 
579, 552, 525, 497, 470, 443, 415, 388, 361, 333, 
306, 279, 252, 224, 197, 170, 142, 115, 88, 88, 
88, 88, 88, 88, 88, 88, 88, 88, 88, 88, 
88, 88, 88, 88, 88, 88, 88, 115, 142, 170, 
197, 224, 252, 279, 306, 333, 361, 388, 415, 443, 
470, 497, 525, 552, 579, 606, 634, 

Plateau params set to: 0.000000 and 0
Calculate wave, channel: 0
Calculate wave request:
MaxVolt: 23.000000
Amplitude: 22.000000
AdjustA: 5.000000
AdjustB: 10.000000
AdjustP 88.000000
634, 603, 573, 543, 512, 482, 452, 421, 391, 361, 
330, 300, 270, 239, 209, 179, 148, 118, 88, 57, 
27, 27, 27, 27, 27, 27, 27, 27, 27, 27, 
27, 27, 27, 27, 27, 27, 27, 27, 27, 57, 
88, 118, 148, 179, 209, 239, 270, 300, 330, 361, 
391, 421, 452, 482, 512, 543, 573, 603, 634, 

634, 
605, 576, 547, 518, 490, 461, 432, 403, 374, 346, 
317, 288, 259, 230, 201, 173, 144, 115, 86, 57, 
57, 57, 57, 57, 57, 57, 57, 57, 57, 57, 
57, 57, 57, 57, 57, 57, 57, 57, 86, 115, 
144, 173, 201, 230, 259, 288, 317, 346, 374, 403, 
432, 461, 490, 518, 547, 576, 605, 634, 

634, 606, 
579, 552, 525, 497, 470, 443, 415, 388, 361, 333, 
306, 279, 252, 224, 197, 170, 142, 115, 88, 88, 
88, 88, 88, 88, 88, 88, 88, 88, 88, 88, 
88, 88, 88, 88, 88, 88, 88, 115, 142, 170, 
197, 224, 252, 279, 306, 333, 361, 388, 415, 443, 
470, 497, 525, 552, 579, 606, 634, 

634, 630, 626, 
623, 619, 616, 612, 608, 605, 601, 597, 594, 590, 
586, 583, 579, 575, 572, 568, 565, 561, 561, 561, 
561, 561, 561, 561, 561, 561, 561, 561, 561, 561, 
561, 561, 561, 561, 561, 561, 565, 568, 572, 575, 
579, 583, 586, 590, 594, 597, 601, 605, 608, 612, 
616, 619, 623, 626, 630, 634, 


Send Wave
Wave Sent


Send Wave
Wave Sent
Timed out waiting for GetTemp
Timed out waiting for GetTemp
